
#################################################################
# Summary Statistics
#################################################################

DIC = 47.03332

                             Mean    SD  2.5%    5%   25%   50%   75%   95% 97.5%
treatment.SD                0.240 0.243 0.008 0.016 0.081 0.177 0.320 0.667 0.842
p.global.filamentous_algae  0.202 0.097 0.024 0.044 0.133 0.199 0.270 0.360 0.387
p.global.Fucus              0.189 0.087 0.031 0.050 0.125 0.186 0.249 0.334 0.359
p.global.POC                0.365 0.089 0.199 0.226 0.305 0.361 0.424 0.516 0.543
p.global.Zostera            0.244 0.071 0.112 0.132 0.196 0.241 0.289 0.360 0.388
p.1HW.filamentous_algae     0.190 0.091 0.022 0.038 0.123 0.189 0.255 0.342 0.365
p.3HW.filamentous_algae     0.213 0.105 0.022 0.041 0.136 0.211 0.289 0.387 0.421
p.control.filamentous_algae 0.200 0.097 0.022 0.039 0.129 0.199 0.270 0.357 0.388
p.1HW.Fucus                 0.172 0.082 0.025 0.042 0.111 0.169 0.229 0.310 0.336
p.3HW.Fucus                 0.196 0.092 0.029 0.047 0.128 0.194 0.261 0.352 0.375
p.control.Fucus             0.196 0.089 0.030 0.049 0.132 0.195 0.260 0.343 0.368
p.1HW.POC                   0.393 0.094 0.221 0.247 0.327 0.389 0.455 0.554 0.587
p.3HW.POC                   0.356 0.086 0.191 0.218 0.297 0.354 0.414 0.501 0.528
p.control.POC               0.360 0.091 0.187 0.216 0.297 0.356 0.421 0.514 0.543
p.1HW.Zostera               0.245 0.071 0.105 0.126 0.196 0.246 0.294 0.361 0.381
p.3HW.Zostera               0.235 0.064 0.107 0.127 0.191 0.236 0.278 0.339 0.357
p.control.Zostera           0.244 0.070 0.109 0.130 0.196 0.244 0.293 0.363 0.384
