
#################################################################
# Summary Statistics
#################################################################

DIC = 35.52358

                             Mean    SD  2.5%    5%   25%   50%   75%   95% 97.5%
treatment.SD                0.807 1.138 0.025 0.049 0.245 0.515 0.949 2.471 3.453
p.global.filamentous_algae  0.160 0.115 0.008 0.015 0.072 0.140 0.226 0.372 0.420
p.global.Fucus              0.255 0.125 0.039 0.062 0.165 0.249 0.332 0.467 0.520
p.global.POC                0.418 0.134 0.142 0.190 0.330 0.421 0.507 0.631 0.680
p.global.Zostera            0.167 0.103 0.019 0.031 0.093 0.151 0.223 0.357 0.417
p.1HW.filamentous_algae     0.123 0.098 0.001 0.005 0.043 0.103 0.181 0.313 0.360
p.3HW.filamentous_algae     0.198 0.153 0.004 0.010 0.072 0.165 0.294 0.494 0.556
p.control.filamentous_algae 0.136 0.108 0.001 0.005 0.048 0.114 0.200 0.347 0.393
p.1HW.Fucus                 0.183 0.110 0.005 0.017 0.097 0.176 0.260 0.374 0.411
p.3HW.Fucus                 0.258 0.139 0.010 0.027 0.154 0.262 0.357 0.480 0.530
p.control.Fucus             0.306 0.124 0.043 0.082 0.224 0.315 0.395 0.493 0.527
p.1HW.POC                   0.542 0.156 0.245 0.297 0.436 0.536 0.641 0.808 0.870
p.3HW.POC                   0.372 0.141 0.057 0.113 0.285 0.382 0.471 0.587 0.625
p.control.POC               0.425 0.116 0.188 0.233 0.353 0.431 0.500 0.606 0.641
p.1HW.Zostera               0.153 0.101 0.004 0.012 0.076 0.142 0.214 0.335 0.379
p.3HW.Zostera               0.172 0.103 0.010 0.021 0.096 0.162 0.236 0.355 0.400
p.control.Zostera           0.133 0.089 0.002 0.009 0.065 0.122 0.188 0.297 0.336
