
#################################################################
# Summary Statistics
#################################################################

DIC = 36.1237

                             Mean    SD  2.5%    5%   25%   50%   75%   95% 97.5%
treatment.SD                0.458 0.444 0.020 0.042 0.185 0.349 0.588 1.252 1.578
p.global.filamentous_algae  0.090 0.075 0.003 0.007 0.034 0.073 0.128 0.235 0.276
p.global.Fucus              0.438 0.106 0.208 0.255 0.374 0.445 0.506 0.600 0.630
p.global.POC                0.163 0.085 0.021 0.036 0.103 0.157 0.216 0.307 0.344
p.global.Zostera            0.309 0.092 0.144 0.172 0.247 0.303 0.362 0.466 0.512
p.1HW.filamentous_algae     0.089 0.075 0.003 0.005 0.031 0.069 0.129 0.239 0.279
p.3HW.filamentous_algae     0.084 0.073 0.002 0.005 0.028 0.064 0.122 0.227 0.265
p.control.filamentous_algae 0.083 0.069 0.002 0.005 0.028 0.066 0.121 0.220 0.252
p.1HW.Fucus                 0.384 0.107 0.144 0.196 0.320 0.393 0.459 0.545 0.573
p.3HW.Fucus                 0.454 0.093 0.252 0.290 0.399 0.460 0.517 0.592 0.618
p.control.Fucus             0.516 0.102 0.299 0.339 0.453 0.520 0.585 0.672 0.700
p.1HW.POC                   0.172 0.089 0.018 0.032 0.106 0.169 0.231 0.327 0.356
p.3HW.POC                   0.145 0.079 0.013 0.024 0.085 0.140 0.197 0.281 0.315
p.control.POC               0.150 0.078 0.016 0.028 0.093 0.147 0.202 0.283 0.311
p.1HW.Zostera               0.354 0.097 0.176 0.202 0.287 0.351 0.418 0.522 0.557
p.3HW.Zostera               0.318 0.077 0.172 0.195 0.265 0.315 0.369 0.444 0.474
p.control.Zostera           0.251 0.078 0.107 0.127 0.199 0.248 0.300 0.384 0.413
